<!-- Generated by pkgdown: do not edit by hand -->
<!DOCTYPE html>
<html lang="en">
  <head>
  <meta charset="utf-8">
<meta http-equiv="X-UA-Compatible" content="IE=edge">
<meta name="viewport" content="width=device-width, initial-scale=1.0">

<title>S4 Class for describing the sample moments — penfaSampleStats-class • penfa</title>


<!-- jquery -->
<script src="https://cdnjs.cloudflare.com/ajax/libs/jquery/3.4.1/jquery.min.js" integrity="sha256-CSXorXvZcTkaix6Yvo6HppcZGetbYMGWSFlBw8HfCJo=" crossorigin="anonymous"></script>
<!-- Bootstrap -->
<link href="https://cdnjs.cloudflare.com/ajax/libs/bootswatch/3.4.0/readable/bootstrap.min.css" rel="stylesheet" crossorigin="anonymous" />


<script src="https://cdnjs.cloudflare.com/ajax/libs/twitter-bootstrap/3.4.1/js/bootstrap.min.js" integrity="sha256-nuL8/2cJ5NDSSwnKD8VqreErSWHtnEP9E7AySL+1ev4=" crossorigin="anonymous"></script>

<!-- bootstrap-toc -->
<link rel="stylesheet" href="../bootstrap-toc.css">
<script src="../bootstrap-toc.js"></script>

<!-- Font Awesome icons -->
<link rel="stylesheet" href="https://cdnjs.cloudflare.com/ajax/libs/font-awesome/5.12.1/css/all.min.css" integrity="sha256-mmgLkCYLUQbXn0B1SRqzHar6dCnv9oZFPEC1g1cwlkk=" crossorigin="anonymous" />
<link rel="stylesheet" href="https://cdnjs.cloudflare.com/ajax/libs/font-awesome/5.12.1/css/v4-shims.min.css" integrity="sha256-wZjR52fzng1pJHwx4aV2AO3yyTOXrcDW7jBpJtTwVxw=" crossorigin="anonymous" />

<!-- clipboard.js -->
<script src="https://cdnjs.cloudflare.com/ajax/libs/clipboard.js/2.0.6/clipboard.min.js" integrity="sha256-inc5kl9MA1hkeYUt+EC3BhlIgyp/2jDIyBLS6k3UxPI=" crossorigin="anonymous"></script>

<!-- headroom.js -->
<script src="https://cdnjs.cloudflare.com/ajax/libs/headroom/0.11.0/headroom.min.js" integrity="sha256-AsUX4SJE1+yuDu5+mAVzJbuYNPHj/WroHuZ8Ir/CkE0=" crossorigin="anonymous"></script>
<script src="https://cdnjs.cloudflare.com/ajax/libs/headroom/0.11.0/jQuery.headroom.min.js" integrity="sha256-ZX/yNShbjqsohH1k95liqY9Gd8uOiE1S4vZc+9KQ1K4=" crossorigin="anonymous"></script>

<!-- pkgdown -->
<link href="../pkgdown.css" rel="stylesheet">
<script src="../pkgdown.js"></script>



  <link href="../extra.css" rel="stylesheet">
  

<meta property="og:title" content="S4 Class for describing the sample moments — penfaSampleStats-class" />
<meta property="og:description" content="The penfaSampleStats class provides information on the
sample moments of the factor analysis model. This
class is an adaptation of the lavSampleStats class from the
lavaan package." />




<!-- mathjax -->
<script src="https://cdnjs.cloudflare.com/ajax/libs/mathjax/2.7.5/MathJax.js" integrity="sha256-nvJJv9wWKEm88qvoQl9ekL2J+k/RWIsaSScxxlsrv8k=" crossorigin="anonymous"></script>
<script src="https://cdnjs.cloudflare.com/ajax/libs/mathjax/2.7.5/config/TeX-AMS-MML_HTMLorMML.js" integrity="sha256-84DKXVJXs0/F8OTMzX4UR909+jtl4G7SPypPavF+GfA=" crossorigin="anonymous"></script>

<!--[if lt IE 9]>
<script src="https://oss.maxcdn.com/html5shiv/3.7.3/html5shiv.min.js"></script>
<script src="https://oss.maxcdn.com/respond/1.4.2/respond.min.js"></script>
<![endif]-->


<!-- Global site tag (gtag.js) - Google Analytics -->
<script async src="https://www.googletagmanager.com/gtag/js?id=G-PQWMEC6S1Z"></script>
<script>
  window.dataLayer = window.dataLayer || [];
  function gtag(){dataLayer.push(arguments);}
  gtag('js', new Date());

  gtag('config', 'G-PQWMEC6S1Z');
</script>


  </head>

  <body data-spy="scroll" data-target="#toc">
    <div class="container template-reference-topic">
      <header>
      <div class="navbar navbar-default navbar-fixed-top" role="navigation">
  <div class="container">
    <div class="navbar-header">
      <button type="button" class="navbar-toggle collapsed" data-toggle="collapse" data-target="#navbar" aria-expanded="false">
        <span class="sr-only">Toggle navigation</span>
        <span class="icon-bar"></span>
        <span class="icon-bar"></span>
        <span class="icon-bar"></span>
      </button>
      <span class="navbar-brand">
        <a class="navbar-link" href="../index.html">penfa</a>
        <span class="version label label-default" data-toggle="tooltip" data-placement="bottom" title="Released version">0.1.0</span>
      </span>
    </div>

    <div id="navbar" class="navbar-collapse collapse">
      <ul class="nav navbar-nav">
        <li>
  <a href="../index.html">
    <span class="fas fa-home fa-lg"></span>
     
  </a>
</li>
<li>
  <a href="../reference/index.html">Reference</a>
</li>
<li class="dropdown">
  <a href="#" class="dropdown-toggle" data-toggle="dropdown" role="button" aria-expanded="false">
    Articles
     
    <span class="caret"></span>
  </a>
  <ul class="dropdown-menu" role="menu">
    <li>
      <a href="../articles/automatic-tuning-selection.html">Penalized Factor Analysis</a>
    </li>
    <li>
      <a href="../articles/grid-search-tuning-selection.html">Penalized Factor Analysis: grid search</a>
    </li>
    <li>
      <a href="../articles/multiple-group-analysis.html">Penalized Multiple-Group Factor Analysis</a>
    </li>
    <li>
      <a href="../articles/articles/plotting-penalty-matrix.html">Plotting Penalty Matrices</a>
    </li>
  </ul>
</li>
<li>
  <a href="../news/index.html">Changelog</a>
</li>
      </ul>
      <ul class="nav navbar-nav navbar-right">
        <li>
  <a href="https://github.com/egeminiani/penfa/">
    <span class="fab fa-github fa-lg"></span>
     
  </a>
</li>
      </ul>
      
    </div><!--/.nav-collapse -->
  </div><!--/.container -->
</div><!--/.navbar -->

      

      </header>

<div class="row">
  <div class="col-md-9 contents">
    <div class="page-header">
    <h1>S4 Class for describing the sample moments</h1>
    <small class="dont-index">Source: <a href='https://github.com/egeminiani/penfa/blob/master/R/class.R'><code>R/class.R</code></a></small>
    <div class="hidden name"><code>penfaSampleStats-class.Rd</code></div>
    </div>

    <div class="ref-description">
    <p>The <code>penfaSampleStats</code> class provides information on the
sample moments of the factor analysis model. This
class is an adaptation of the <code>lavSampleStats</code> class from the
<a href='https://CRAN.R-project.org/package=lavaan'>lavaan</a> package.</p>
    </div>



    <h2 class="hasAnchor" id="slots"><a class="anchor" href="#slots"></a>Slots</h2>

    

<dl>
<dt><code>var</code></dt><dd><p>List of the variances of the observed variables in every group.</p></dd>

<dt><code>cov</code></dt><dd><p>List of the covariance matrices of the observed variables
in every group.</p></dd>

<dt><code>mean</code></dt><dd><p>List of the means of the observed variables in every group.</p></dd>

<dt><code>group.w</code></dt><dd><p>List of group weights.</p></dd>

<dt><code>nobs</code></dt><dd><p>List of the effective number of observations for every group.</p></dd>

<dt><code>ntotal</code></dt><dd><p>Integer. Total number of observations across all groups.</p></dd>

<dt><code>ngroups</code></dt><dd><p>Integer. Number of groups.</p></dd>

<dt><code>icov</code></dt><dd><p>List of the inverse matrices of the covariance matrices of the
observed variables in every group.</p></dd>

<dt><code>cov.log.det</code></dt><dd><p>List of the logarithms of the determinants of the
covariance matrices of the observed variables for every group.</p></dd>

</dl>
    <h2 class="hasAnchor" id="see-also"><a class="anchor" href="#see-also"></a>See also</h2>

    <div class='dont-index'><p><code><a href='penfa.html'>penfa</a></code></p></div>

    <h2 class="hasAnchor" id="examples"><a class="anchor" href="#examples"></a>Examples</h2>
    <pre class="examples"><div class='input'>
<span class='fu'><a href='https://rdrr.io/r/utils/data.html'>data</a></span><span class='op'>(</span><span class='va'>ccdata</span><span class='op'>)</span>

<span class='va'>syntax</span> <span class='op'>=</span> <span class='st'>'help  =~   h1 + h2 + h3 + h4 + h5 + h6 + h7 + 0*v1 + v2 + v3 + v4 + v5
          voice =~ 0*h1 + h2 + h3 + h4 + h5 + h6 + h7 +   v1 + v2 + v3 + v4 + v5'</span>

<span class='va'>alasso_fit</span> <span class='op'>&lt;-</span> <span class='fu'><a href='penfa.html'>penfa</a></span><span class='op'>(</span><span class='co'>## factor model</span>
                    model  <span class='op'>=</span> <span class='va'>syntax</span>,
                    data   <span class='op'>=</span> <span class='va'>ccdata</span>,
                    std.lv <span class='op'>=</span> <span class='cn'>TRUE</span>,
                    <span class='co'>## penalization</span>
                    pen.shrink <span class='op'>=</span> <span class='st'>"alasso"</span>,
                    eta <span class='op'>=</span> <span class='fu'><a href='https://rdrr.io/r/base/list.html'>list</a></span><span class='op'>(</span>shrink <span class='op'>=</span> <span class='fu'><a href='https://rdrr.io/r/base/c.html'>c</a></span><span class='op'>(</span><span class='st'>"lambda"</span> <span class='op'>=</span> <span class='fl'>0.01</span><span class='op'>)</span>, diff <span class='op'>=</span> <span class='fu'><a href='https://rdrr.io/r/base/c.html'>c</a></span><span class='op'>(</span><span class='st'>"none"</span> <span class='op'>=</span> <span class='fl'>0</span><span class='op'>)</span><span class='op'>)</span>,
                    <span class='co'>## automatic procedure</span>
                    strategy <span class='op'>=</span> <span class='st'>"auto"</span><span class='op'>)</span>
</div><div class='output co'>#&gt; Computing weights for alasso (ML estimates)... done.
#&gt; 
#&gt; Automatic procedure: 
#&gt; Iteration  1 : 0.00298271 
#&gt; Iteration  2 : 0.00452604 
#&gt; 
#&gt; Largest absolute gradient value: 12.76355181
#&gt; Fisher information matrix is positive definite
#&gt; Eigenvalue range: [180.2917, 9189645]
#&gt; Trust region iterations: 15 
#&gt; Factor solution: admissible 
#&gt; Effective degrees of freedom: 27.12936  </div><div class='input'>
<span class='va'>alasso_fit</span><span class='op'>@</span><span class='va'>SampleStats</span>
</div><div class='output co'>#&gt; An object of class "penfaSampleStats"
#&gt; Slot "var":
#&gt; [[1]]
#&gt;  [1] 0.9986962 0.9986962 0.9986962 0.9986962 0.9986962 0.9986962 0.9986962
#&gt;  [8] 0.9986962 0.9986962 0.9986962 0.9986962 0.9986962
#&gt; 
#&gt; 
#&gt; Slot "cov":
#&gt; [[1]]
#&gt;            [,1]      [,2]      [,3]      [,4]      [,5]      [,6]      [,7]
#&gt;  [1,] 0.9986962 0.7324446 0.6582768 0.6991043 0.6707437 0.6584068 0.6371664
#&gt;  [2,] 0.7324446 0.9986962 0.7075285 0.7988196 0.7311182 0.7800300 0.7093328
#&gt;  [3,] 0.6582768 0.7075285 0.9986962 0.7176571 0.6878761 0.6837715 0.6331770
#&gt;  [4,] 0.6991043 0.7988196 0.7176571 0.9986962 0.7981995 0.7936238 0.7453160
#&gt;  [5,] 0.6707437 0.7311182 0.6878761 0.7981995 0.9986962 0.7930928 0.7504264
#&gt;  [6,] 0.6584068 0.7800300 0.6837715 0.7936238 0.7930928 0.9986962 0.8118928
#&gt;  [7,] 0.6371664 0.7093328 0.6331770 0.7453160 0.7504264 0.8118928 0.9986962
#&gt;  [8,] 0.6068802 0.6506414 0.5977097 0.6650654 0.6834911 0.7149524 0.7239390
#&gt;  [9,] 0.6008534 0.6864146 0.6312143 0.6983221 0.7011685 0.7243845 0.7452085
#&gt; [10,] 0.5941055 0.6700023 0.6099459 0.6830820 0.6726631 0.6906560 0.6908550
#&gt; [11,] 0.6057474 0.6665377 0.6090964 0.6580129 0.6821517 0.6931624 0.7047642
#&gt; [12,] 0.5776645 0.6366429 0.5849625 0.6396187 0.6506030 0.6484770 0.6357505
#&gt;            [,8]      [,9]     [,10]     [,11]     [,12]
#&gt;  [1,] 0.6068802 0.6008534 0.5941055 0.6057474 0.5776645
#&gt;  [2,] 0.6506414 0.6864146 0.6700023 0.6665377 0.6366429
#&gt;  [3,] 0.5977097 0.6312143 0.6099459 0.6090964 0.5849625
#&gt;  [4,] 0.6650654 0.6983221 0.6830820 0.6580129 0.6396187
#&gt;  [5,] 0.6834911 0.7011685 0.6726631 0.6821517 0.6506030
#&gt;  [6,] 0.7149524 0.7243845 0.6906560 0.6931624 0.6484770
#&gt;  [7,] 0.7239390 0.7452085 0.6908550 0.7047642 0.6357505
#&gt;  [8,] 0.9986962 0.7859599 0.7296203 0.7360779 0.7168406
#&gt;  [9,] 0.7859599 0.9986962 0.7858874 0.7359273 0.7067616
#&gt; [10,] 0.7296203 0.7858874 0.9986962 0.7423038 0.6937184
#&gt; [11,] 0.7360779 0.7359273 0.7423038 0.9986962 0.7651156
#&gt; [12,] 0.7168406 0.7067616 0.6937184 0.7651156 0.9986962
#&gt; 
#&gt; 
#&gt; Slot "mean":
#&gt; [[1]]
#&gt;  [1]  6.719961e-17 -4.631960e-17 -2.598874e-16  2.812468e-16 -1.190559e-16
#&gt;  [6]  1.925882e-16  8.628836e-17 -3.291677e-17 -2.267291e-16  8.286867e-17
#&gt; [11] -4.419813e-17  1.641406e-16
#&gt; 
#&gt; 
#&gt; Slot "group.w":
#&gt; [[1]]
#&gt; [1] 1
#&gt; 
#&gt; 
#&gt; Slot "nobs":
#&gt; [[1]]
#&gt; [1] 767
#&gt; 
#&gt; 
#&gt; Slot "ntotal":
#&gt; [1] 767
#&gt; 
#&gt; Slot "ngroups":
#&gt; [1] 1
#&gt; 
#&gt; Slot "icov":
#&gt; [[1]]
#&gt;              [,1]        [,2]        [,3]        [,4]        [,5]        [,6]
#&gt;  [1,]  2.56666779 -0.89838405 -0.43259377 -0.32421942 -0.28777293  0.14384062
#&gt;  [2,] -0.89838405  3.95326317 -0.44053127 -1.11869229  0.02923219 -0.98482962
#&gt;  [3,] -0.43259377 -0.44053127  2.55815889 -0.51748759 -0.33656130 -0.21268026
#&gt;  [4,] -0.32421942 -1.11869229 -0.51748759  4.38641636 -1.13430268 -0.66819097
#&gt;  [5,] -0.28777293  0.02923219 -0.33656130 -1.13430268  3.82775834 -0.91839165
#&gt;  [6,]  0.14384062 -0.98482962 -0.21268026 -0.66819097 -0.91839165  4.67858561
#&gt;  [7,] -0.17310371  0.02463264  0.07352768 -0.40899326 -0.42918960 -1.43719481
#&gt;  [8,] -0.23576724  0.16145846  0.02863931  0.08864097 -0.11676810 -0.40475083
#&gt;  [9,]  0.14652390 -0.20923871 -0.18695637 -0.10152597 -0.13393274 -0.06775339
#&gt; [10,] -0.03071658 -0.16324880 -0.07073100 -0.28942767 -0.03411934 -0.06008535
#&gt; [11,] -0.12066923 -0.17892478 -0.10165373  0.22341331 -0.21314749 -0.08840909
#&gt; [12,] -0.06729872 -0.13855313 -0.08660113 -0.13423818 -0.18704450  0.02032045
#&gt;              [,7]        [,8]        [,9]       [,10]       [,11]       [,12]
#&gt;  [1,] -0.17310371 -0.23576724  0.14652390 -0.03071658 -0.12066923 -0.06729872
#&gt;  [2,]  0.02463264  0.16145846 -0.20923871 -0.16324880 -0.17892478 -0.13855313
#&gt;  [3,]  0.07352768  0.02863931 -0.18695637 -0.07073100 -0.10165373 -0.08660113
#&gt;  [4,] -0.40899326  0.08864097 -0.10152597 -0.28942767  0.22341331 -0.13423818
#&gt;  [5,] -0.42918960 -0.11676810 -0.13393274 -0.03411934 -0.21314749 -0.18704450
#&gt;  [6,] -1.43719481 -0.40475083 -0.06775339 -0.06008535 -0.08840909  0.02032045
#&gt;  [7,]  3.85478920 -0.42527880 -0.64374297 -0.05729874 -0.43801838  0.19841068
#&gt;  [8,] -0.42527880  3.51881217 -1.09635019 -0.36152562 -0.44749735 -0.58638339
#&gt;  [9,] -0.64374297 -1.09635019  4.06158608 -1.17098217 -0.24083979 -0.32528433
#&gt; [10,] -0.05729874 -0.36152562 -1.17098217  3.36702270 -0.70263464 -0.26599088
#&gt; [11,] -0.43801838 -0.44749735 -0.24083979 -0.70263464  3.54156388 -1.15812678
#&gt; [12,]  0.19841068 -0.58638339 -0.32528433 -0.26599088 -1.15812678  2.97071802
#&gt; 
#&gt; 
#&gt; Slot "cov.log.det":
#&gt; [[1]]
#&gt; [1] -11.98038
#&gt; 
#&gt; </div><div class='input'>
</div></pre>
  </div>
  <div class="col-md-3 hidden-xs hidden-sm" id="pkgdown-sidebar">
    <nav id="toc" data-toggle="toc" class="sticky-top">
      <h2 data-toc-skip>Contents</h2>
    </nav>
  </div>
</div>


      <footer>
      <div class="copyright">
  <p>Developed by Elena Geminiani, Giampiero Marra, Irini Moustaki.</p>
</div>

<div class="pkgdown">
  <p>Site built with <a href="https://pkgdown.r-lib.org/">pkgdown</a> 1.6.1.</p>
</div>

      </footer>
   </div>

  


  </body>
</html>


